Event/nhS1/vtx(mm):     0    96   -300.00    250.00   1045.00
 302  35.09
 302 103.20
 303  36.99
 305  16.80
 312  56.35
 315  16.33
 318  66.88
 321  28.68
 326  24.97
 331  65.46
 334  39.62
 338  23.39
 340  17.25
 340  48.27
 356 103.77
 366  74.34
 372  28.87
 377  25.26
 383  44.99
 386  96.93
 388  12.63
 394  33.58
 398   9.60
 403  66.46
 416  34.56
 417  50.67
 431  10.88
 431  33.81
 441  75.80
 443  21.42
 447 113.05
 453  28.40
 453  72.90
 454  49.79
 456  31.00
 461  32.53
 466  32.51
 473  94.21
 475 110.65
 477  18.50
 479  48.86
 482  54.92
 492  98.70
 494  39.43
 506  42.63
 506 118.06
 515  13.73
 515  35.34
 519  19.69
 526  55.78
 528  11.42
 528  70.89
 535  25.82
 537  18.39
   1 106.60
   7  27.71
  12 118.85
  15  66.16
  16   3.71
  26   6.90
  33  53.76
  35  72.93
  38  36.54
  39  27.15
  40  19.59
  47  53.91
  48  28.47
  51  70.51
  64  11.83
  67  10.02
  70   3.19
  73  99.07
  80  26.05
  83  20.55
  94   6.97
 104  43.99
 104  13.82
 116  25.83
 128  10.52
 130  53.38
 133  56.73
 139  24.09
 150  14.56
 173  13.49
 175  33.59
 176   6.10
 176  55.72
 177  22.37
 178   8.70
 181  14.84
 188   5.82
 189  78.41
 198  63.65
 203  10.43
 232   9.92
 249  71.60
Event/nhS1/vtx(mm):     1    78   -300.00    250.00   1045.00
 304  25.33
 305  84.12
 306  14.91
 321  10.23
 324 100.23
 335 113.69
 348  36.24
 349  35.42
 349  75.38
 355  42.56
 365  25.97
 365  51.81
 365  87.39
 373  41.06
 374  53.53
 403  52.20
 404  51.18
 413  85.23
 437  27.87
 448  29.67
 455  44.44
 456  32.51
 457  29.64
 459  14.07
 459  88.16
 459 125.42
 460  40.02
 462  69.15
 465  22.39
 465  57.49
 470  79.47
 470  47.77
 472  41.31
 477  11.86
 478  68.84
 480  30.36
 482  32.37
 488  41.39
 504  43.83
 515  82.32
 520  23.29
 526  47.78
  11  43.81
  13  20.82
  16  43.06
  25  14.99
  35   4.72
  38  35.14
  43  32.42
  65  56.99
  67  20.51
  77  24.88
  83  70.92
  84  19.95
  87  19.73
  92  48.16
 101  28.42
 107  24.63
 117  25.12
 118  15.92
 124  33.54
 132  44.86
 140  24.34
 141   5.61
 161  69.23
 164  13.71
 167  26.35
 177   7.52
 179  93.69
 179  36.47
 194 103.89
 196  29.71
 198  68.51
 216  61.88
 227  40.26
 234  14.30
 237  16.27
 249  11.27
Event/nhS1/vtx(mm):     2    97   -300.00    250.00   1045.00
 300 202.52
 310  31.81
 326  44.05
 328  82.37
 330  60.52
 331  17.07
 333  70.03
 335  16.07
 340  30.24
 343  70.25
 344  65.35
 347  67.43
 351  35.46
 353  30.89
 357  47.37
 364  46.91
 366  40.37
 368  20.64
 373  48.88
 374  65.19
 374  69.95
 381  24.12
 383  28.71
 401  25.89
 407 108.47
 416  17.97
 417  81.21
 426 126.97
 431  80.36
 433  38.22
 448  57.65
 469  77.39
 476  23.16
 477  43.35
 479  45.73
 484  51.31
 486  69.41
 490  17.77
 494  49.40
 500  31.34
 503  51.22
 510  18.60
 514 223.93
 515  82.76
 516 114.08
 521  24.18
 521  34.97
 524 103.33
 536  42.01
 540  75.83
   4  40.93
   6  37.43
   7  40.18
  11  14.86
  19 110.89
  21  20.64
  22  13.53
  23  36.07
  23   9.48
  30  27.93
  33  68.62
  37  25.97
  39  12.79
  40   7.17
  40   4.59
  50 104.06
  68  33.26
  80  17.23
  84  49.21
  85  13.40
  86  77.37
  89  28.71
  89   7.18
  96 115.37
 100 157.04
 101  29.53
 103   6.01
 106  23.29
 117   4.81
 121  37.92
 129  12.36
 129 131.48
 153   9.03
 159  12.22
 161  84.74
 164   9.14
 168  24.63
 188  20.68
 189  61.40
 190  77.07
 198  53.91
 206  36.85
 215  96.66
 231 113.54
 237   6.11
 238  19.16
 240  26.13
Event/nhS1/vtx(mm):     3    91   -300.00    250.00   1045.00
 307  55.44
 307  23.20
 314  48.84
 316  39.89
 319 128.25
 320  51.00
 327  29.95
 341 104.48
 350  49.21
 354  22.19
 358  58.52
 362  26.23
 376  42.72
 377  43.31
 383  36.84
 384  62.15
 390  33.27
 395  59.66
 395  24.77
 406  39.53
 417 142.13
 424  57.55
 431  18.94
 432 106.31
 445  37.50
 448  47.92
 453  55.04
 454  23.03
 467  24.44
 475  44.75
 477  30.00
 484  59.41
 491  15.76
 502  56.06
 510  49.96
 510  19.51
 512  16.49
 513 162.79
 518  67.19
 519  54.69
 525 107.15
 529  35.36
 530   9.12
 531  25.46
 533  47.94
  10  40.77
  11   5.17
  15  26.26
  15  89.17
  17  14.93
  22   6.71
  24  76.60
  29  29.78
  31  18.52
  31  20.68
  34  41.52
  45  49.33
  46  48.94
  48  80.71
  54  26.41
  54  60.41
  79  22.83
  88  24.13
  89   8.83
  93  39.93
 104  18.37
 105  38.82
 116  11.26
 116  31.69
 118  12.34
 124  12.46
 124  28.60
 128   8.10
 134  72.07
 134  23.05
 138  30.97
 139 135.88
 142  69.72
 151  15.48
 152  59.10
 152   5.59
 162   7.20
 163  13.07
 165  19.99
 171  29.67
 178  25.34
 187  38.65
 208  83.97
 219  19.15
 245  79.97
 246  74.15
Event/nhS1/vtx(mm):     4   114   -300.00    250.00   1045.00
 301  37.51
 301  18.47
 302  17.81
 317  42.98
 323  23.93
 326  24.57
 326  38.28
 328 177.55
 331  55.79
 341 101.22
 341  30.94
 344   8.14
 344  11.39
 346  64.97
 362  13.10
 373  42.00
 375  28.09
 376 101.99
 382  19.10
 389  41.20
 391  22.68
 392 125.77
 393  29.46
 394  45.93
 397  56.96
 397  42.49
 398  29.92
 398  41.68
 398 102.13
 399  53.68
 409  35.52
 410 101.99
 412  29.66
 412  15.33
 413  48.53
 413  26.53
 414 121.40
 415  57.38
 421  57.28
 424 289.05
 426  34.79
 432  57.06
 434  22.14
 438 138.79
 439  58.59
 442  34.40
 445  66.51
 445  54.84
 449  23.52
 450  69.49
 451  43.67
 451  54.72
 452  49.22
 455  34.96
 455 181.19
 471  86.75
 474  96.85
 490  41.76
 493 201.39
 495  54.04
 501  36.66
 513  42.28
 521  47.46
 536  28.46
 538  17.39
 539  37.58
   6   7.35
  12  55.74
  16  29.79
  21  49.65
  32  12.73
  32  44.89
  45  25.27
  52  22.73
  59  36.55
  59   7.91
  63  17.22
  67  89.48
  67  17.46
  69   8.82
  71  35.89
  76  55.31
  80  10.97
  87 104.30
  90  23.39
  97  32.33
 106  53.83
 108  11.08
 115  27.65
 115 137.65
 115  12.04
 115  12.81
 117  74.54
 120  21.26
 136  14.33
 137  79.62
 137  80.95
 142  56.67
 143 109.06
 149  44.81
 153  79.49
 162   7.07
 163  67.94
 164   6.46
 169  21.85
 175  30.47
 191  52.82
 196 114.76
 214  32.83
 231  41.03
 232   5.41
 238  22.11
 239  24.81
 247  37.87
Event/nhS1/vtx(mm):     5    96   -300.00    250.00   1045.00
 303  23.36
 311  32.35
 311  10.40
 311  14.91
 317  49.03
 318  71.75
 319  59.52
 324  37.45
 330  18.18
 358  17.12
 364  16.94
 372  61.86
 373  39.77
 373  40.88
 379  54.39
 379  29.75
 384  42.97
 394  68.86
 407  98.15
 425  54.05
 431  58.61
 432 138.32
 435  38.48
 445  79.82
 445  42.56
 450  42.89
 453  55.58
 459  59.84
 459  34.74
 464  23.01
 473  27.77
 474  35.87
 475  26.76
 477  28.23
 490  11.56
 490  88.08
 490  27.62
 494  25.44
 500  29.83
 501  36.96
 503  15.28
 510  29.25
 514 118.65
 515  25.41
 516  25.14
 519  45.55
 519  63.69
 523  34.11
 524  66.98
 526  53.77
 529  71.07
 538  47.86
   2  37.97
   9  93.18
  10  47.76
  10   3.26
  13  68.67
  14   4.78
  20  16.90
  35  24.27
  35 147.06
  39  27.10
  41  12.53
  41  17.18
  52  54.43
  53  26.24
  57  72.53
  59   8.12
  59  11.93
  59  26.19
  79  53.81
  81   4.49
  84  24.77
  89 142.66
 101  81.55
 107  31.10
 107  46.99
 113 131.06
 129  10.82
 130  17.37
 134  53.47
 137  38.10
 148   6.51
 158  90.99
 164   4.75
 166  12.43
 173  10.74
 177   9.44
 178  20.75
 193  37.15
 200  14.62
 206  28.35
 224  16.09
 240   9.32
 246  73.89
 250  69.80
Event/nhS1/vtx(mm):     6    94   -300.00    250.00   1045.00
 302  38.30
 306  22.91
 308  33.43
 319  49.07
 319  39.50
 321  66.92
 327  31.97
 327  12.27
 332  35.91
 332  49.22
 333  34.52
 334  58.43
 340  20.01
 347  22.11
 358  37.37
 358  30.54
 365  46.64
 368  80.53
 372  22.38
 375  48.23
 377  44.94
 382  26.62
 384  28.26
 405  18.62
 407  80.26
 407  71.57
 409  52.67
 413  44.99
 422  32.69
 426  23.45
 428  41.12
 429 120.72
 447  39.77
 454  50.74
 455  11.38
 455  23.58
 456 120.09
 460  90.64
 461  37.28
 466   9.11
 469  38.33
 472 102.15
 472  21.66
 478  79.10
 479 195.71
 480 109.70
 481  45.25
 487  15.88
 494  56.43
 504  72.15
 516  60.29
 518  33.48
 522  21.95
 523  48.58
 524 130.76
 524  32.20
 531  68.08
   2  33.70
   2  87.44
  12  47.50
  14  22.03
  18  57.09
  18   7.36
  22  58.26
  40   3.67
  58  14.08
  65  24.50
  69  44.95
  70  24.38
  73  22.40
  80   8.48
  95  13.64
 103  10.64
 104  47.87
 104   9.86
 104   4.45
 127  13.53
 127   6.77
 140  17.18
 144  20.13
 145  67.18
 150  72.02
 155  46.62
 156  60.71
 162  21.96
 164  39.85
 164  54.69
 194  22.91
 199  26.80
 223  40.70
 233   8.42
 237   9.91
 241  31.49
 249  38.91
Event/nhS1/vtx(mm):     7   101   -300.00    250.00   1045.00
 302  59.45
 308  22.56
 309 134.75
 312  96.23
 327 118.13
 334  50.43
 335  77.04
 336  27.17
 338  64.52
 343  60.74
 353  66.07
 356  35.09
 357  14.57
 358   9.48
 359  20.89
 364  32.64
 365  53.81
 367  24.59
 368  47.48
 380  30.79
 383  15.86
 389  11.43
 390  17.32
 392  17.27
 395  39.86
 411  40.13
 413   8.42
 414  16.72
 421  34.79
 429  14.96
 430  20.58
 431  20.24
 433  24.69
 437  29.18
 446  25.88
 447  33.60
 448  42.02
 449  67.74
 449 122.13
 451  23.21
 459 111.77
 464  43.59
 466  44.07
 468 111.87
 469  63.70
 472  29.03
 474  42.59
 480  30.00
 485 106.56
 486 200.16
 489   9.90
 494  83.09
 502  19.05
 504  11.66
 505  25.77
 508  99.66
 509 121.38
 515  80.96
 516  98.11
 528  26.84
   1  20.88
   7   7.21
   8  12.64
  12  23.68
  24  10.50
  26  31.82
  27  16.28
  30  32.45
  34   9.96
  38  20.87
  39  63.73
  41  11.48
  43  26.87
  51  14.84
  57  12.62
  58   5.76
  61  14.13
  65  14.40
  72  27.26
  80  14.26
  84  39.39
  84  18.52
  93  21.10
 103  17.95
 114  46.77
 119  35.79
 127  21.74
 138   9.42
 141   5.41
 150  30.06
 154  87.98
 165   8.73
 166  27.49
 176   8.52
 179  38.51
 182  15.84
 191  17.30
 216  20.36
 224  60.13
 226   9.69
 246  25.76
Event/nhS1/vtx(mm):     8   108   -300.00    250.00   1045.00
 300  37.81
 309  44.89
 313  31.14
 318  36.37
 318  23.28
 321  38.28
 329  72.97
 333  53.59
 333  40.33
 333  47.10
 334  43.99
 337  79.91
 339  24.10
 343  18.34
 345  71.95
 346  48.08
 348 101.06
 349  19.27
 350  25.95
 352 102.47
 353  51.59
 371   9.94
 371  50.34
 373  32.04
 379  13.69
 382  34.52
 394  10.23
 396  45.64
 402  46.30
 405  36.94
 411  23.19
 411 101.68
 416  57.02
 418  32.24
 429  39.96
 430  27.33
 431  70.33
 436  26.96
 438  16.52
 449  33.83
 450  51.62
 453 210.69
 455  75.64
 459  75.50
 471  38.17
 476  52.40
 477  78.85
 477  90.11
 482 188.49
 482  54.81
 482  29.27
 485  92.58
 485  42.05
 490  69.34
 491  77.17
 496  27.58
 496  77.12
 500 105.40
 502  38.76
 511  21.69
 517 105.31
 520  43.17
 522  68.81
 522  85.74
 533 113.64
   0   5.88
   8 100.46
  10  31.04
  12  68.04
  12   7.65
  27  10.62
  34  20.80
  35  25.79
  35  16.17
  35   6.85
  40   7.71
  49  59.02
  50  11.35
  51   4.27
  51  13.54
  55  29.22
  58   7.77
  62  10.19
  62  56.78
  72  71.61
  76  77.24
  79   4.99
  90  20.00
  95  19.70
  99  12.03
 106 137.80
 112  30.79
 114  16.13
 116  11.88
 149  17.34
 155  34.85
 159  26.46
 170  58.38
 189  58.18
 192 110.94
 199  11.71
 213  72.58
 217  70.03
 217  10.30
 227  19.36
 231  40.57
 240  17.61
 250  65.50
Event/nhS1/vtx(mm):     9    90   -300.00    250.00   1045.00
 307  27.45
 307 185.05
 308  72.94
 309  31.54
 310  36.89
 315  84.83
 317 106.50
 318  30.56
 328  37.83
 330  65.10
 330  42.85
 352  54.45
 353  52.22
 365  24.34
 366  66.04
 374 150.10
 378  23.72
 394  29.85
 395  18.70
 395  65.92
 404  42.04
 406 161.57
 406  29.60
 407  51.71
 415  79.80
 417  28.55
 421  36.66
 440 112.46
 440  38.51
 443  65.26
 453  49.57
 455  66.90
 465  49.13
 475  54.45
 475  48.30
 478  62.51
 479 189.33
 502  63.06
 502  15.22
 507  22.37
 507  50.74
 517   8.39
 531  38.72
 532  34.48
 534  47.61
 534  70.18
 535  38.35
   1  53.78
   3  25.10
   8  10.50
  18   8.44
  25   4.73
  26  45.16
  29  36.20
  36  11.36
  42  26.88
  50  11.10
  52  25.38
  56  86.65
  57  52.01
  66   5.31
  71  28.22
  77  29.02
  79  65.77
  79  17.57
  81 108.92
  84 112.67
  84  31.28
  94  14.46
 104  13.99
 104  39.01
 105  21.10
 105  19.62
 110 102.42
 121  17.55
 122  40.03
 138  50.55
 142  42.84
 153  57.32
 164  39.77
 164  10.11
 166   8.59
 176  11.03
 177   8.97
 186  63.86
 201  21.72
 201   9.72
 207  21.30
 231  22.04
 250  95.55
